INFO: 2022/09/26 02:15:50 cockroach.go:17: Database is connected successfully 
INFO: 2022/09/26 02:17:36 default_transaction.go:27: c31f9477-7360-4668-a70a-b2e3dfbef262 Get transactions Scucessfully, [{4d500119-7438-4e53-9fc6-6058893a83d4 510 GBP 2022-09-26 02:17:15.9650041 +0200 EET m=+115.989785601 true} {7a8f6fd9-dbf9-4ab9-ba5b-21ee0465f7b9 5410 GBP 2022-09-26 00:21:32.6048459 +0200 EET m=+27.154465201 true} {aeff00b3-895d-47e4-9f84-6efa7515caa8 5410 GBP 2022-09-26 01:29:55.7837474 +0200 EET m=+64.372372001 true} {bfeb2e9d-de19-4480-8cd1-2e341ed18598 510 GBP 2022-09-26 02:17:24.7214753 +0200 EET m=+124.746256801 true} {dacc47b8-c121-46aa-a7e8-f664ac9febb5 5410 GBP 2022-09-26 02:16:58.5098239 +0200 EET m=+98.534605401 true} {e61343fa-0628-4276-a978-31b857769b50 5410 GBP 2022-09-26 01:32:39.7223139 +0200 EET m=+61.680889401 true}]
